
Round: 0
00000000
00000000
00000000
00000000
00000000
00000000
00000000
00000000

Valid moves for 1:
3, 3
3, 4
4, 3
4, 4

Player 1: 3, 4

After move by Player 1
00000000
00000000
00000000
00000000
00001000
00000000
00000000
00000000


Round: 1
00000000
00000000
00000000
00000000
00001000
00000000
00000000
00000000

Valid moves for 2:
3, 3
4, 3
4, 4

Player 2: 4, 3

After move by Player 2
00000000
00000000
00000000
00020000
00001000
00000000
00000000
00000000


Round: 2
00000000
00000000
00000000
00020000
00001000
00000000
00000000
00000000

Valid moves for 1:
3, 3
4, 4

Player 1: 3, 3

After move by Player 1
00000000
00000000
00000000
00020000
00011000
00000000
00000000
00000000


Round: 3
00000000
00000000
00000000
00020000
00011000
00000000
00000000
00000000

Valid moves for 2:
4, 4

Player 2: 4, 4

After move by Player 2
00000000
00000000
00000000
00022000
00011000
00000000
00000000
00000000


Round: 4
00000000
00000000
00000000
00022000
00011000
00000000
00000000
00000000

Valid moves for 1:
5, 2
5, 3
5, 4
5, 5

Player 1: 5, 5

After move by Player 1
00000000
00000000
00000100
00021000
00011000
00000000
00000000
00000000


Round: 5
00000000
00000000
00000100
00021000
00011000
00000000
00000000
00000000

Valid moves for 2:
2, 3
2, 5
4, 5

Player 2: 4, 5

After move by Player 2
00000000
00000000
00000100
00022200
00011000
00000000
00000000
00000000


Round: 6
00000000
00000000
00000100
00022200
00011000
00000000
00000000
00000000

Valid moves for 1:
3, 5
5, 2
5, 3
5, 4
5, 6

Player 1: 3, 5

After move by Player 1
00000000
00000000
00000100
00022100
00011100
00000000
00000000
00000000


Round: 7
00000000
00000000
00000100
00022100
00011100
00000000
00000000
00000000

Valid moves for 2:
2, 2
2, 3
2, 4
2, 5
2, 6
4, 6
6, 6

Player 2: 4, 6

After move by Player 2
00000000
00000000
00000100
00022220
00011100
00000000
00000000
00000000


Round: 8
00000000
00000000
00000100
00022220
00011100
00000000
00000000
00000000

Valid moves for 1:
3, 7
5, 2
5, 3
5, 4
5, 6
5, 7

Player 1: 3, 7

After move by Player 1
00000000
00000000
00000100
00022210
00011101
00000000
00000000
00000000


Round: 9
00000000
00000000
00000100
00022210
00011101
00000000
00000000
00000000

Valid moves for 2:
2, 2
2, 3
2, 4
2, 5
2, 6
4, 7
6, 5
6, 6

Player 2: 2, 3

After move by Player 2
00000000
00000000
00000100
00022210
00022101
00020000
00000000
00000000


Round: 10
00000000
00000000
00000100
00022210
00022101
00020000
00000000
00000000

Valid moves for 1:
2, 2
3, 2
4, 2
5, 3

Player 1: 2, 2

After move by Player 1
00000000
00000000
00000100
00021210
00012101
00120000
00000000
00000000


Round: 11
00000000
00000000
00000100
00021210
00012101
00120000
00000000
00000000

Valid moves for 2:
2, 1
2, 5
3, 2
3, 6
4, 7
5, 4
6, 5

Player 2: 3, 2

After move by Player 2
00000000
00000000
00000100
00021210
00222101
00120000
00000000
00000000


Round: 12
00000000
00000000
00000100
00021210
00222101
00120000
00000000
00000000

Valid moves for 1:
2, 4
3, 1
4, 2

Player 1: 2, 4

After move by Player 1
00000000
00000000
00000100
00021210
00221101
00111000
00000000
00000000


Round: 13
00000000
00000000
00000100
00021210
00221101
00111000
00000000
00000000

Valid moves for 2:
1, 1
1, 2
1, 3
1, 4
1, 5
2, 5
3, 6
4, 7
6, 5
6, 6

Player 2: 1, 5

After move by Player 2
00000000
00000000
00000100
00021210
00221101
00112000
00000200
00000000


Round: 14
00000000
00000000
00000100
00021210
00221101
00112000
00000200
00000000

Valid moves for 1:
1, 3
1, 4
2, 5
3, 1
4, 1
4, 2
5, 2
5, 3
5, 6

Player 1: 1, 4

After move by Player 1
00000000
00000000
00000100
00021210
00221101
00111000
00001200
00000000


Round: 15
00000000
00000000
00000100
00021210
00221101
00111000
00001200
00000000

Valid moves for 2:
0, 5
1, 1
1, 2
1, 3
2, 5
3, 6
4, 7
6, 5
6, 6

Player 2: 1, 2

After move by Player 2
00000000
00000000
00000100
00021210
00222101
00221000
00201200
00000000


Round: 16
00000000
00000000
00000100
00021210
00222101
00221000
00201200
00000000

Valid moves for 1:
0, 6
1, 1
1, 6
2, 1
3, 1
4, 1
4, 2

Player 1: 0, 6

After move by Player 1
00000000
00000000
00000100
00021210
00222101
00221000
00201100
00000010


Round: 17
00000000
00000000
00000100
00021210
00222101
00221000
00201100
00000010

Valid moves for 2:
0, 4
0, 5
2, 5
3, 6
4, 7
5, 4
6, 5
6, 6

Player 2: 3, 6

After move by Player 2
00000000
00000000
00000100
00021210
00222221
00221000
00201100
00000010


Round: 18
00000000
00000000
00000100
00021210
00222221
00221000
00201100
00000010

Valid moves for 1:
1, 1
2, 1
2, 5
2, 6
3, 1
4, 1
4, 2

Player 1: 1, 1

After move by Player 1
00000000
00000000
00000100
00021210
00212221
00121000
01201100
00000010


Round: 19
00000000
00000000
00000100
00021210
00212221
00121000
01201100
00000010

Valid moves for 2:
0, 4
0, 5
1, 0
1, 3
2, 1
2, 5
4, 7
5, 3
5, 4
5, 6
5, 7
6, 5

Player 2: 1, 0

After move by Player 2
00000000
00000000
00000100
00021210
00212221
00121000
22201100
00000010


Round: 20
00000000
00000000
00000100
00021210
00212221
00121000
22201100
00000010

Valid moves for 1:
0, 0
0, 2
1, 3
2, 5
2, 6
3, 1
4, 1
4, 2
5, 3

Player 1: 0, 2

After move by Player 1
00000000
00000000
00000100
00021210
00212221
00121000
22101100
00100010


Round: 21
00000000
00000000
00000100
00021210
00212221
00121000
22101100
00100010

Valid moves for 2:
0, 1
0, 4
0, 5
1, 3
2, 1
2, 5
4, 7
5, 3
5, 4
5, 6
5, 7
6, 5
6, 6

Player 2: 5, 7

After move by Player 2
00000000
00000000
00000102
00021220
00212221
00121000
22101100
00100010


Round: 22
00000000
00000000
00000102
00021220
00212221
00121000
22101100
00100010

Valid moves for 1:
0, 0
1, 3
2, 0
2, 5
2, 6
3, 1
4, 1
4, 2
4, 7
5, 3
5, 6

Player 1: 0, 0

After move by Player 1
00000000
00000000
00000102
00021220
00212221
00121000
21101100
10100010


Round: 23
00000000
00000000
00000102
00021220
00212221
00121000
21101100
10100010

Valid moves for 2:
0, 1
0, 4
0, 5
1, 3
2, 1
2, 5
5, 3
5, 4
6, 4
6, 5

Player 2: 0, 4

After move by Player 2
00000000
00000000
00000102
00021220
00212221
00122000
21102100
10102010


Round: 24
00000000
00000000
00000102
00021220
00212221
00122000
21102100
10102010

Valid moves for 1:
1, 3
2, 0
2, 5
2, 6
3, 1
4, 2
4, 7
5, 3
5, 6

Player 1: 1, 3

After move by Player 1
00000000
00000000
00000102
00021220
00212221
00112000
21111100
10102010


Round: 25
00000000
00000000
00000102
00021220
00212221
00112000
21111100
10102010

Valid moves for 2:
0, 1
0, 3
0, 5
1, 6
2, 1
2, 6
3, 1
4, 2
5, 3
5, 4
6, 4
6, 5

Player 2: 6, 5

After move by Player 2
00000000
00000200
00000202
00021220
00212221
00112000
21111100
10102010


Round: 26
00000000
00000200
00000202
00021220
00212221
00112000
21111100
10102010

Valid moves for 1:
2, 0
2, 5
2, 6
3, 1
4, 1
4, 2
4, 7
5, 3
5, 6
6, 4
6, 6

Player 1: 2, 6

After move by Player 1
00000000
00000200
00000202
00021220
00212121
00112010
21111100
10102010


Round: 27
00000000
00000200
00000202
00021220
00212121
00112010
21111100
10102010

Valid moves for 2:
0, 1
0, 3
0, 5
1, 6
2, 1
2, 5
3, 1
4, 2
5, 4

Player 2: 4, 2

After move by Player 2
00000000
00000200
00000202
00221220
00222121
00112010
21111100
10102010


Round: 28
00000000
00000200
00000202
00221220
00222121
00112010
21111100
10102010

Valid moves for 1:
2, 0
2, 5
3, 1
4, 1
4, 7
5, 1
5, 2
5, 3
5, 6
6, 4
6, 6
7, 5

Player 1: 2, 5

After move by Player 1
00000000
00000200
00000202
00221220
00222121
00111110
21111100
10102010


Round: 29
00000000
00000200
00000202
00221220
00222121
00111110
21111100
10102010

Valid moves for 2:
0, 1
0, 3
0, 5
1, 6
3, 1
5, 4

Player 2: 5, 4

After move by Player 2
00000000
00000200
00002202
00222220
00222121
00111110
21111100
10102010


Round: 30
00000000
00000200
00002202
00222220
00222121
00111110
21111100
10102010

Valid moves for 1:
2, 0
3, 1
4, 1
4, 7
5, 1
5, 2
5, 3
5, 6
6, 4
6, 6
7, 5

Player 1: 2, 0

After move by Player 1
00000000
00000200
00002202
00222220
00222121
10111110
11111100
10102010


Round: 31
00000000
00000200
00002202
00222220
00222121
10111110
11111100
10102010

Valid moves for 2:
0, 1
0, 3
0, 5
1, 6
1, 7
3, 1

Player 2: 0, 3

After move by Player 2
00000000
00000200
00002202
00222220
00222121
10121210
11122100
10122010


Round: 32
00000000
00000200
00002202
00222220
00222121
10121210
11122100
10122010

Valid moves for 1:
0, 5
3, 1
5, 1
5, 2
5, 3
5, 6
6, 4
6, 6
7, 5

Player 1: 0, 5

After move by Player 1
00000000
00000200
00002202
00222220
00222121
10121210
11122100
10111110


Round: 33
00000000
00000200
00002202
00222220
00222121
10121210
11122100
10111110

Valid moves for 2:
0, 1
1, 6
1, 7
2, 1
2, 7
3, 1

Player 2: 2, 7

After move by Player 2
00000000
00000200
00002202
00222220
00222121
10121222
11122100
10111110


Round: 34
00000000
00000200
00002202
00222220
00222121
10121222
11122100
10111110

Valid moves for 1:
1, 7
3, 1
4, 1
4, 7
5, 1
5, 2
5, 3
5, 6
6, 4
6, 6
7, 5

Player 1: 1, 7

After move by Player 1
00000000
00000200
00002202
00222220
00222121
10121211
11122101
10111110


Round: 35
00000000
00000200
00002202
00222220
00222121
10121211
11122101
10111110

Valid moves for 2:
0, 1
1, 6
2, 1
3, 1

Player 2: 2, 1

After move by Player 2
00000000
00000200
00002202
00222220
00222121
12221211
11122101
10111110


Round: 36
00000000
00000200
00002202
00222220
00222121
12221211
11122101
10111110

Valid moves for 1:
3, 0
3, 1
4, 1
4, 7
5, 1
5, 2
5, 3
5, 6
6, 3
6, 4
6, 6
7, 5
7, 6

Player 1: 3, 1

After move by Player 1
00000000
00000200
00002202
00222220
01111121
11121211
11112101
10111110


Round: 37
00000000
00000200
00002202
00222220
01111121
11121211
11112101
10111110

Valid moves for 2:
0, 1
1, 6
3, 0
4, 1

Player 2: 4, 1

After move by Player 2
00000000
00000200
00002202
02222220
01211121
11121211
11112101
10111110


Round: 38
00000000
00000200
00002202
02222220
01211121
11121211
11112101
10111110

Valid moves for 1:
1, 6
4, 7
5, 0
5, 1
5, 2
5, 3
5, 6
6, 3
6, 4
6, 6
7, 5
7, 6

Player 1: 1, 6

After move by Player 1
00000000
00000200
00002202
02222220
01211121
11121111
11112111
10111110


Round: 39
00000000
00000200
00002202
02222220
01211121
11121111
11112111
10111110

Valid moves for 2:
0, 1
0, 7
3, 0

Player 2: 0, 1

After move by Player 2
00000000
00000200
00002202
02222220
02211121
12121111
12212111
12111110


Round: 40
00000000
00000200
00002202
02222220
02211121
12121111
12212111
12111110

Valid moves for 1:
3, 0
4, 0
4, 7
5, 0
5, 1
5, 2
5, 3
5, 6
6, 3
6, 4
6, 6
7, 5
7, 6

Player 1: 3, 0

After move by Player 1
00000000
00000200
00002202
02222220
11111121
11121111
12112111
12111110


Round: 41
00000000
00000200
00002202
02222220
11111121
11121111
12112111
12111110

Valid moves for 2:
0, 7

Player 2: 0, 7

After move by Player 2
00000000
00000200
00002202
02222220
11112121
11121211
12112121
12222222


Round: 42
00000000
00000200
00002202
02222220
11112121
11121211
12112121
12222222

Valid moves for 1:
5, 0
5, 1
5, 2
5, 3
5, 6
6, 3
6, 4
6, 6
7, 5
7, 6

Player 1: 5, 6

After move by Player 1
00000000
00000200
00002212
02222110
11111111
11111211
12112121
12222222


Round: 43
00000000
00000200
00002212
02222110
11111111
11111211
12112121
12222222

Valid moves for 2:
4, 0
4, 7
6, 6
6, 7

Player 2: 4, 7

After move by Player 2
00000000
00000200
00002222
02222222
11111122
11111212
12112122
12222222


Round: 44
00000000
00000200
00002222
02222222
11111122
11111212
12112122
12222222

Valid moves for 1:
5, 0
5, 1
5, 2
5, 3
6, 4
6, 6
6, 7
7, 5
7, 6

Player 1: 5, 3

After move by Player 1
00000000
00000200
00012222
02111222
11111122
11111212
12112122
12222222


Round: 45
00000000
00000200
00012222
02111222
11111122
11111212
12112122
12222222

Valid moves for 2:
4, 0
5, 1
5, 2
6, 2
6, 3

Player 2: 5, 2

After move by Player 2
00000000
00000200
00222222
02221222
11212122
11211212
12212122
12222222


Round: 46
00000000
00000200
00222222
02221222
11212122
11211212
12212122
12222222

Valid moves for 1:
4, 0
5, 0
5, 1
6, 2
6, 3
6, 4
6, 6
6, 7
7, 5
7, 6

Player 1: 4, 0

After move by Player 1
00000000
00000200
00222222
11111222
11212122
11211212
12212122
12222222


Round: 47
00000000
00000200
00222222
11111222
11212122
11211212
12212122
12222222

Valid moves for 2:
5, 0
5, 1

Player 2: 5, 0

After move by Player 2
00000000
00000200
20222222
12111222
11212122
11211212
12212122
12222222


Round: 48
00000000
00000200
20222222
12111222
11212122
11211212
12212122
12222222

Valid moves for 1:
5, 1
6, 0
6, 1
6, 2
6, 3
6, 4
6, 6
6, 7
7, 5
7, 6

Player 1: 5, 1

After move by Player 1
00000000
00000200
21222222
11111222
11212122
11211212
12212122
12222222


Round: 49
00000000
00000200
21222222
11111222
11212122
11211212
12212122
12222222

Valid moves for 2:
6, 0
6, 1

Player 2: 6, 1

After move by Player 2
00000000
02000200
22222222
12111222
12212122
12211212
12212122
12222222


Round: 50
00000000
02000200
22222222
12111222
12212122
12211212
12212122
12222222

Valid moves for 1:
6, 0
6, 2
6, 3
6, 4
6, 6
6, 7
7, 0
7, 5
7, 6

Player 1: 6, 7

After move by Player 1
00000000
02000201
22222212
12111122
12211122
12211212
12212122
12222222


Round: 51
00000000
02000201
22222212
12111122
12211122
12211212
12212122
12222222

Valid moves for 2:
6, 6
7, 7

Player 2: 7, 7

After move by Player 2
00000002
02000202
22222212
12111122
12211122
12211212
12212122
12222222


Round: 52
00000002
02000202
22222212
12111122
12211122
12211212
12212122
12222222

Valid moves for 1:
6, 0
6, 2
6, 3
6, 4
6, 6
7, 0
7, 4
7, 5
7, 6

Player 1: 6, 6

After move by Player 1
00000002
02000212
22222112
12111122
12211122
12211212
12212122
12222222


Round: 53
00000002
02000212
22222112
12111122
12211122
12211212
12212122
12222222

Valid moves for 2:
6, 4
7, 5
7, 6

Player 2: 6, 4

After move by Player 2
00000002
02002212
22222212
12111122
12211122
12211212
12212122
12222222


Round: 54
00000002
02002212
22222212
12111122
12211122
12211212
12212122
12222222

Valid moves for 1:
6, 0
6, 2
6, 3
7, 0
7, 4
7, 5
7, 6

Player 1: 6, 3

After move by Player 1
00000002
02011112
22111212
11111122
12211122
12211212
12212122
12222222


Round: 55
00000002
02011112
22111212
11111122
12211122
12211212
12212122
12222222

Valid moves for 2:
6, 2
7, 2
7, 3
7, 4
7, 5
7, 6

Player 2: 7, 3

After move by Player 2
00020002
02022112
22121212
11121122
12221122
12221212
12222122
12222222


Round: 56
00020002
02022112
22121212
11121122
12221122
12221212
12222122
12222222

Valid moves for 1:
6, 0
6, 2
7, 0
7, 1
7, 2
7, 4
7, 5

Player 1: 6, 2

After move by Player 1
00020002
02111112
21111212
11121122
12221122
12221212
12222122
12222222


Round: 57
00020002
02111112
21111212
11121122
12221122
12221212
12222122
12222222

Valid moves for 2:
6, 0
7, 1
7, 2
7, 4
7, 5
7, 6

Player 2: 7, 2

After move by Player 2
00220002
02221112
21212212
11221222
12221122
12221212
12222122
12222222


Round: 58
00220002
02221112
21212212
11221222
12221122
12221212
12222122
12222222

Valid moves for 1:
6, 0
7, 0
7, 1
7, 4

Player 1: 6, 0

After move by Player 1
00220002
11111112
11212212
11221222
12221122
12221212
12222122
12222222


Round: 59
00220002
11111112
11212212
11221222
12221122
12221212
12222122
12222222

Valid moves for 2:
7, 0
7, 1
7, 4
7, 5
7, 6

Player 2: 7, 5

After move by Player 2
00220202
11112222
11222212
11221222
12221122
12221212
12222122
12222222


Round: 60
00220202
11112222
11222212
11221222
12221122
12221212
12222122
12222222

Valid moves for 1:
7, 4
7, 6

Player 1: 7, 6

After move by Player 1
00220212
11112112
11221212
11211222
12121122
11221212
12222122
12222222


Round: 61
00220212
11112112
11221212
11211222
12121122
11221212
12222122
12222222

Valid moves for 2:
7, 0
7, 1
7, 4

Player 2: 7, 1

After move by Player 2
02220212
12212112
12221212
12211222
12121122
11221212
12222122
12222222


Round: 62
02220212
12212112
12221212
12211222
12121122
11221212
12222122
12222222

Valid moves for 1:
7, 0
7, 4

Player 1: 7, 4

After move by Player 1
02221112
12211112
12221212
12211222
12121122
11221212
12222122
12222222


Round: 63
02221112
12211112
12221212
12211222
12121122
11221212
12222122
12222222

Valid moves for 2:

Player 2 can't move

Round: 63
02221112
12211112
12221212
12211222
12121122
11221212
12222122
12222222

Valid moves for 1:
7, 0

Player 1: 7, 0

After move by Player 1
11111112
11211112
12121212
12211222
12121122
11221212
12222122
12222222


Round: 64
11111112
11211112
12121212
12211222
12121122
11221212
12222122
12222222

Valid moves for 2:

Player 2 can't move

Round: 64
11111112
11211112
12121212
12211222
12121122
11221212
12222122
12222222

Valid moves for 1:

Player 1 can't move

Black: 31
White: 33

